0
1
2
3
4
5
6
7
8
9
10
11
12
13
14
15
16
17
18
19
20
21
22
23
24
25
26
27
28
29
30
60
90
120
150
180
210
240
270
300
330
360
390
420
450
480
510
540
570
571
572
573
574
575
576
578
579
581
580
581
582
583
584
585
586
587
588
589
590
591
592
593
594
595
596
597
598
599
569
539
509
479
449
419
389
359
329
299
269
239
209
179
149
119
89
59
577
62
63
64
65
95
94
92
93
122
123
124
125
67
68
69
70
97
98
99
100
127
128
129
130
157
158
159
160
187
188
189
190
217
218
219
220
182
183
184
185
241
242
243
244
245
275
274
273
272
271
301
302
303
304
305
277
278
307
308
337
338
367
368
362
363
364
365
394
393
392
451
452
453
512
513
514
515
517
518
519
521
522
523
524
525
527
485
455
456
488
489
426
427
428
429
528
529
530
531
532
534
564
565
535
536
566
537
567
477
476
446
447
445
475
491
492
493
494
495
284
283
253
254
255
285
256
315
314
313
286
316
317
287
257
370
371
372
373
374
431
432
433
434
280
281
310
311
192
193
194
195
165
164
163
162
102
72
73
103
75
105
106
76
197
167
168
169
198
199
170
200
376
406
436
437
407
377
378
408
438
467
468
259
289
319
320
290
260
261
292
291
321
322
262
232
202
172
380
381
382
383
384
413
412
411
410
440
441
442
443
472
471
470
473
386
387
388
358
357
356
326
327
328
108
78
79
109
110
80
81
111
112
82
84
85
86
87
117
116
115
114
144
145
146
147
204
205
206
207
208
238
237
236
235
234
325
324
294
295
296
297
298